2.5009
2.4806
2.5506
3.0508
2.5544
2.4995
2.5048
2.4972
3.0571
2.4854
3.0699
2.5736
2.4905
2.4707
2.4665
2.512
2.4921
3.0965
2.502
2.5022
2.5258
2.4792
2.4925
2.4964
2.5394
2.495
3.1434
2.513
2.5351
2.4983
2.4999
2.5098
2.5477
2.4951
2.4685
2.4773
3.0897
2.5052
3.1722
2.5303
2.5997
3.0205
3.0571
3.1061
2.4968
3.1129
2.4936
2.4548
2.4811
2.5141
2.5281
3.0704
2.5798
3.0351
2.4872
2.4878
2.5156
2.4929
2.5129
3.1111
3.076
3.1184
3.0891
3.1286
3.0488
3.1239
2.5638
3.0576
2.4944
2.4998
3.0628
3.1091
2.509
3.049
2.4932
2.5169
2.507
3.0841
2.4871
2.4983
2.5001
2.4937
2.4846
2.4888
2.5093
3.0948
2.4833
2.4817
2.4624
3.1012
2.5502
2.5027
3.1418
2.5075
3.0477
2.5134
2.5069
2.5039
2.497
3.0548
2.4979
2.5107
2.6212
2.4722
3.1036
3.06
2.5504
3.0971
3.1258
3.1344
2.5046
2.504
2.5479
2.5023
2.5217
3.0966
2.5215
2.5347
2.4847
2.5647
2.5318
2.493
2.5031
2.4923
2.4723
2.4985
3.0842
3.0732
2.4831
3.1076
2.455
2.5166
2.5109
2.5281
2.515
2.4937
2.5139
3.1294
2.4996
3.0654
3.2171
2.5077
2.5133
2.5072
2.985
2.4736
2.5444
2.4973
2.4908
2.4979
